   4.0000000e+00  -3.0000000e+00   1.3333333e+00  -2.5000000e-01   0.0000000e+00   0.0000000e+00   0.0000000e+00   0.0000000e+00   0.0000000e+00
  -8.3333333e-01   1.5000000e+00  -5.0000000e-01   8.3333333e-02   0.0000000e+00   0.0000000e+00   0.0000000e+00   0.0000000e+00   0.0000000e+00
  -6.6666667e-01   0.0000000e+00   6.6666667e-01  -8.3333333e-02   0.0000000e+00   0.0000000e+00   0.0000000e+00   0.0000000e+00   0.0000000e+00
   8.3333333e-02  -6.6666667e-01   0.0000000e+00   6.6666667e-01  -8.3333333e-02   0.0000000e+00   0.0000000e+00   0.0000000e+00   0.0000000e+00
   0.0000000e+00   8.3333333e-02  -6.6666667e-01   0.0000000e+00   6.6666667e-01  -8.3333333e-02   0.0000000e+00   0.0000000e+00   0.0000000e+00
   0.0000000e+00   0.0000000e+00   8.3333333e-02  -6.6666667e-01   0.0000000e+00   6.6666667e-01  -8.3333333e-02   0.0000000e+00   0.0000000e+00
   0.0000000e+00   0.0000000e+00   0.0000000e+00   8.3333333e-02  -6.6666667e-01   0.0000000e+00   6.6666667e-01  -8.3333333e-02   0.0000000e+00
   0.0000000e+00   0.0000000e+00   0.0000000e+00   0.0000000e+00   8.3333333e-02  -6.6666667e-01   0.0000000e+00   6.6666667e-01  -8.3333333e-02
   0.0000000e+00   0.0000000e+00   0.0000000e+00   0.0000000e+00  -8.3333333e-02   5.0000000e-01  -1.5000000e+00   8.3333333e-01   2.5000000e-01
   0.0000000e+00   0.0000000e+00   0.0000000e+00   0.0000000e+00   2.5000000e-01  -1.3333333e+00   3.0000000e+00  -4.0000000e+00   2.0833333e+00
